6
-3  8
-3 -1 8
-3 -1  2  9
-3 -4 -1 -3 11
-3  1  0  0 -3  8
-2  0  0  1 -3  1  8
-2 -3 -1 -3 -4 -3 -4  7
-3  1  1  0 -2  2  0 -2 11
-2 -2 -3 -4 -5 -2 -3 -5 -3  7
-2 -2 -3 -3 -4 -1 -2 -3 -2  2  6
-2  3  0  0 -4  2  1 -3  1 -2 -2  7
-1 -2 -2 -4 -3  1 -3 -3 -3  1  2 -1 11
-3 -1 -2 -3 -4 -1 -4 -4 -1  0  2 -2  1  9
-2 -2 -1 -1 -4 -1 -2 -3 -2 -3 -2 -1 -3 -3  9
0 -1  0 -1 -3 -1 -1 -2 -1 -3 -3 -1 -3 -3 -1  6
-2 -1  0 -2 -4 -1 -1 -3 -1 -1 -1  0 -1 -2 -2  1  7
-4  0 -3 -4 -6 -2 -2 -4 -2 -1  0 -1 -1  3 -1 -2 -3 16
-4  0 -1 -3 -3 -1 -2 -3  1 -2 -1 -1 -1  5 -3 -3 -2  2 11
-1 -2 -3 -3 -3 -2 -2 -5 -2  3  1 -1  1  0 -2 -3  0 -1 -2  6